0101.00
0102.00
0103.00
0104.00
0105.00
0106.00
0107.00
0108.00
0109.00
0110.00
0111.00
0112.00
0113.00
0117.00
0118.00
0119.01
0119.02
0120.00
0121.00
0122.01
0122.02
0123.01
0123.02
0124.01
0124.02
0125.01
0125.02
0126.01
0126.02
0127.00
0128.00
0129.01
0129.02
0130.00
0131.01
0131.02
0132.00
0133.00
0134.00
0135.00
0151.00
0152.00
0153.00
0154.00
0155.00
0156.00
0157.00
0158.01
0158.02
0159.00
0160.00
0161.00
0162.00
0163.00
0164.00
0165.00
0166.00
0167.00
0168.01
0168.02
0169.00
0170.00
0171.01
0171.02
0176.01
0177.00
0178.01
0178.02
0179.02
0180.00
0201.00
0202.00
0203.00
0204.01
0204.02
0205.00
0206.00
0207.00
0208.00
0209.00
0210.00
0211.00
0212.00
0213.00
0214.00
0215.00
0216.00
0217.00
0218.00
0226.00
0227.02
0227.04
0228.01
0228.02
0228.03
0229.01
0229.02
0229.03
0230.01
0230.03
0231.02
0231.03
0232.00
0233.00
0234.00
0251.00
0252.00
0253.00
0254.01
0254.02
0254.03
0255.00
0256.00
0257.01
0257.02
0258.00
0259.00
0260.01
0260.02
0260.03
0260.04
0261.00
0262.00
0263.01
0263.02
0263.03
0264.01
0264.02
0264.03
0264.04
0301.01
0301.02
0302.01
0302.02
0303.01
0303.02
0304.00
0305.00
0306.00
0307.00
0308.00
0309.00
0310.00
0311.00
0312.01
0312.02
0313.01
0313.02
0314.00
0326.01
0326.02
0327.00
0328.01
0328.02
0329.01
0329.02
0330.00
0331.00
0332.01
0332.03
0332.04
0351.00
0352.01
0352.02
0353.00
0354.00
0401.00
0402.00
0426.01
0426.02
0427.00
0428.00
0451.00
0452.00
0476.00
0477.01
0477.02
0478.01
0478.02
0479.01
0479.02
0601.00
0604.00
0605.02
0607.00
0610.00
0611.00
0612.00
0614.00
0615.00
9802.00
9803.00
9805.01
9806.00
9809.00
